0.7771377366826622 0.16306729593620695 0.02121406002588966
0.8982035318046169 0.859704973514446 0.6763081208601087
0.9581741737280003 0.07873562903480202 -0.05771293212304607
0.3306951566146539 0.20559342707774753 0.5963662052969474
-0.3254839424674698 0.8142351626826838 -0.7653184162896722
0.37742890859236256 0.5761916688881268 0.8223880619481134
-0.7221687119218769 0.5585843907817332 -0.1241790882281244
-0.2404349863040509 0.2679132997560545 0.22339180650955437
0.2065585512426118 0.34916856131423923 -0.6666446736914178
-0.9309733509127791 0.6592487015284594 0.26503159865128856
0.7042869155170608 0.04287356349092275 -0.22516154119035603
-0.5338145320312886 -0.1231555945691285 -0.2791053009865585
-0.6797164270412346 0.6410710381957674 0.9795945262757368
0.24287195025741215 -0.2788068151653216 -0.3543881926659789
0.5606078736347457 -0.12832780469958105 0.7438087366135095
0.4277713654376589 -0.3427172471415054 0.4288748838215868
-0.7725262457622766 0.23389269051688988 0.1353092010781034
-0.4502638239227599 -0.06379818110501856 0.5247238985055926
0.5416383643112841 -0.5578801924989134 0.4929622587209719
-0.10068220616231671 0.780496781483669 -0.5651968461097694
0.9827329722212537 -0.00401118975834569 0.7128276176625383
0.36738419445367243 -0.5246571890879639 0.5257545278845557
-0.5118203053988215 -0.8649022648653486 0.09442528900110125
0.27212784543053026 0.01512275910298122 -0.6866799733976772
-0.43651582565965885 0.22586931708076796 0.901465587918334
-0.8974213427489743 0.21136686068359412 -0.7953924367119851
-0.8021928977045276 -0.6631084451677214 -0.9176100972531587
-0.9571011061448562 0.699504637885713 0.348032259125743
0.03830182384329972 0.1912472549317863 -0.04199634089956916
-0.18008478783482063 -0.7776694706721543 0.5213536470735871
0.5382310808045827 -0.7082445242283648 0.6296305708587933
-0.535603982172774 -0.4941191500323934 0.45406661418789374
-0.6342382782390157 0.7517928438054342 -0.02272436369182862
0.8673674947558812 -0.5369830391309187 -0.8045459010485692
0.2379678149168878 0.9047599422221029 -0.4991799489851938
-0.35870776059549114 0.950358015816765 0.8184582109583669
-0.8235435024700997 0.38301723952242783 -0.42739490168827965
-0.18169726544240894 0.7930476608114627 0.4473686648671107
-0.000795956876590953 -0.6694715055041005 -0.47210214005929085
-0.4719256265853957 0.8650403161269478 -0.08567464892193999
-0.04424493329107482 -0.24494354813287456 -0.5203337972705588
-0.5205448401527761 -0.5867343688014348 -0.15330225008157217
0.9583674208897599 0.061365775440949566 -0.9346844240100534
0.4067094670362832 -0.3784394986778443 0.4934037196501839
0.6510257665792505 -0.6907073999525088 -0.2002992697942021
0.08411787739351073 -0.7478423821679259 0.906097206573699
0.07769839495518416 -0.6316102071724039 -0.26632872896626214
0.5150798820822637 0.24758989325466385 -0.18877055730844372
0.411144225196141 -0.5461720739715046 -0.477111208637198
0.3086079436766853 -0.5063929298084864 -0.7883526602043436
0.09418483270005384 -0.5191438827422121 -0.9148512385749328
-0.5977592022861187 -0.1223916719008118 -0.8536864645793563
-0.7909357558684753 -0.013624995258505468 0.36942092383167213
0.8100303372039157 -0.4223327928507803 0.8519082419768969
0.3605530114004005 0.7637653035292131 0.646673270342871
0.7171577378275054 -0.40065099020930584 0.3806191230601381
-0.4346547200166453 -0.6856533726706766 -0.8792223586425365
0.4868573621031971 0.3366572315982983 -0.736440971492023
-0.4732959821000846 -0.9060045727735107 -0.6507271740320784
0.4242733877064202 0.9016842604325284 0.6454636338173474
-0.387347621278906 -0.07023173017349738 -0.5116205007023822
0.4017395564911719 0.45316525264635144 -0.018377988807634527
-0.26207770289116517 -0.2092461558450318 -0.3024717527015506
0.1791903744981933 -0.6342187924581888 0.3349208579265308
0.17735056404922744 -0.24803337036499484 -0.012852932880484946
0.6868487614905152 0.552372661420224 -0.28718818144065494
0.03898234952628776 0.8804964514357674 0.026372568321290313
-0.23631383688446617 -0.005643059540573647 0.25415941855405944
0.11704844226544142 0.3483149794120157 -0.6397534797157278
0.29298240202588954 0.8625593419227384 0.3622758909104018
-0.0925635507080651 -0.911519412086385 -0.6240859800110263
-0.9576120756677204 -0.7416253991105541 -0.6863314112344208
0.6097994384526189 -0.8421582370325389 -0.7403619794214449
0.5470944207674862 -0.9192450049291376 0.8865611628635961
-0.6747723415222551 -0.2933266480326704 -0.6969931211665752
-0.8656578540031288 -0.8357415154857164 -0.30999134473832024
-0.9634623697302749 0.016709653694589433 -0.27652828190455425
-0.7268450378428633 -0.020024702374089376 0.9146270344788157
0.3810782616994757 0.43001214436551094 -0.8770751972785813
-0.49009534755302164 0.911383051432169 -0.07917368488949927
-0.2185814596194542 0.4563419199402965 0.5660054599392195
-0.6029125040452812 -0.7481747544850379 0.3658444426711642
0.9957679443102587 -0.9033913503684523 0.11701396394213659
0.22194143225638285 0.20089395380360742 -0.26504269723834706
-0.29048550932417894 -0.5091006592545329 0.4634020492094766
0.4226216927932458 -0.2638577179369326 -0.987137769173289
0.14603732386025836 0.47739283714967673 -0.8539376501587592
0.379351334553498 -0.03270487294403557 0.6702517683509728
0.4646403019376004 -0.06655037175157208 0.15002628433510412
-0.016044335048576386 0.05902612067724444 0.17679265229633723
-0.3521871130287515 -0.48687945921370135 -0.3686135083061193
0.5167849201045285 -0.4838513858738318 -0.9878222300320121
0.61722132117489 0.6821176923273109 -0.5524607599843949
-0.6575620395085773 0.7181641758631587 0.5025820014238702
0.7591633177454593 0.47733303072257716 -0.550964248355456
-0.7606980243697057 -0.5340927091916854 0.0006837547567362101
0.17998006428108515 0.7530728068600205 -0.3355384072252272
-0.8942655514681221 0.8963935359314363 -0.726233792568425
0.031220812063774694 0.6635027980348269 0.34331464879258133
-0.657166500565447 -0.6227004696563347 -0.37843243313722996
